0 0.000000e0 0.0000000000e0 1.0471975512e-3 2.0943951024e-3
500 2.200469e-4 1.1109791082e-29 1.0894668686e-3 2.1362462750e-3
1000 4.400939e-4 5.9328913913e-30 1.1325724754e-3 2.1780974476e-3
1500 6.601408e-4 1.4791141973e-31 1.1765143718e-3 2.2199486202e-3
2000 8.801878e-4 4.1086505480e-31 1.2212925577e-3 2.2617997928e-3
2500 1.100235e-3 4.2072581612e-30 1.2669070331e-3 2.3036509654e-3
3000 1.320282e-3 5.9164567892e-31 1.3133577980e-3 2.3455021380e-3
3500 1.540329e-3 7.2476595667e-30 1.3606448524e-3 2.3873533106e-3
4000 1.760376e-3 3.2211820297e-30 1.4087681963e-3 2.4292044832e-3
4500 1.980422e-3 1.7897281787e-29 1.4577278297e-3 2.4710556558e-3
5000 2.200469e-3 8.6939045596e-30 1.5075237526e-3 2.5129068284e-3
5500 2.420516e-3 5.9164567892e-31 1.5581559650e-3 2.5547580010e-3
6000 2.640563e-3 1.4791141973e-31 1.6096244670e-3 2.5966091736e-3
6500 2.860610e-3 2.3665827157e-30 1.6619292584e-3 2.6384603462e-3
7000 3.080657e-3 1.6434602192e-32 1.7150703394e-3 2.6803115188e-3
7500 3.300704e-3 2.0132387685e-29 1.7690477098e-3 2.7221626915e-3
8000 3.520751e-3 1.0271626370e-29 1.8238613698e-3 2.7640138641e-3
8500 3.740798e-3 2.4997029934e-29 1.8795113193e-3 2.8058650367e-3
9000 3.960845e-3 1.2884728119e-29 1.9359975583e-3 2.8477162093e-3
9500 4.180892e-3 1.6434602192e-30 1.9933200867e-3 2.8895673819e-3
