0.0030511216190503253
0.0031440404116305108
0.003265576752692419
0.003282614474902884
0.0032516785984852636
0.0033033096198974965
0.003255539462626086
0.0032923397171253487
0.0030870213635269166
0.002972113623550642
0.0030372830608601797
0.00301104238556087
0.002856800883979582
0.002763481343484858
0.002725632008704536
0.002732360429607723
0.002642455783244848
0.0025073466403353058
0.0026448703812422775
0.002603196039175257
0.002439074094641984
0.0023839173489028725
0.00227588145934909
0.002299475978850374
0.0023726688736132196
0.0022866643879139574
0.00217820927206323
0.002101563807181624
0.0021519560691550497
0.0020967367756244797
0.002017594564517172
0.00215828483718718
0.002168583716417701
0.0021537899073130664
0.0021663786024040035
0.002309630008714019
0.0023471149129568936
0.0022931096894496673
0.002161540641380702
0.0020976310046180004
0.002006773304707348
0.0019981785164572
0.0019043010986401626
0.0018833804873904353
0.0018447281270197004
0.0017149207132261194
0.0016890905302435599
0.0016006969053930383
0.0015540441766774332
0.001497642041448555
0.0014978398608720084
0.0014220716371034059
0.0013855928375047346
0.0013335994084628577
0.0012971880215544907
0.0013434614815402157
0.0014160830477953383
0.001430119124081748
0.0014513283747648923
0.0014163599138589588
0.0013769954056468722
0.0014148548321128984
0.0015207235331186695
0.001530456138940392
0.0015243146054360619
0.0015040232891787052
0.0014868050081319729
0.0014558892314365868
0.0014904109956661417
0.001520122171855847
0.0014990947758503658
0.0014369198898012358
0.0014156660355483053
0.0014725947738687833
0.0013715008327816617
0.001309292883080561
0.0013127271077218229
0.0013039222160395455
0.0012802112496705027
0.0012372736546362572
0.0012342869234665318
0.0012464085053846905
0.0012626754365773136
0.0012336650563587648
0.0012272010828427843
0.0012851908784884659
0.0013459584172059906
0.0012356611752568614
0.0011665781714633072
0.001118036408309407
0.0011540449968121963
0.0011463362663365396
0.0010482838166352175
0.0010170228358287953
0.0010099361172502064
0.0010243855058346876
0.0010308754536698158
0.001043035399586314
0.0010629870521392548
0.0010501700503808891
0.001044205802163623
0.0010686442223682476
0.0010807524239242723
0.0011092178583292326
0.0010158484150661557
0.0010186129983057164
0.0010011312543952225
0.0009867156505941458
0.0009175012781878409
0.0008960525759790024
0.0009003162144632237
0.0008956894444308573
0.0008751855322794385
0.0008684940262243812
0.0008679963324920909
0.0008831065130310345
0.0008501547420317027
0.0008810364183041898
0.0008683984259500818
0.0008544123194572191
0.000819392646504353
0.0007753557457024001
0.0007629409876515711
0.0007081317521222366
0.0007494927886149288
0.0007184117211801414
0.0006949133558853032
0.0007067639760460295
0.0007282479222041229
0.0007529004183952102
0.0007137396486475364
0.000697292127086756
0.0006933122691042638
0.0006962316131020781
0.0007003260222241615
0.0006977548072216558
0.0007119654130629005
0.0006874783400860667
0.0006582841800199631
0.0006722293635626611
0.0006668415928816817
0.0006538875444986524
0.0006544192658742386
0.0006582085273276547
0.0006023367758306356
0.000605591632209419
0.0006523487114845983
0.0006295815341624644
0.0006101847888391254
0.0005960795539545711
0.0005955415741794203
0.0005963404010465265
0.0006136828892906811
0.0006058949782999052
0.0006158646527744801
0.0006162299515505157
0.0006240724485250278
0.0006336657480028264
0.0006559832053861215
0.0006002854267400888
0.000595423114263046
0.0006036039967941334
0.0006088263331253707
0.0006106277526856778
0.0006158573057998596
0.0006083911647397339
0.0006050839510892874
0.0006086397627262272
0.0006102305627798518
0.0005996354920932154
0.0005775359020132535
0.0005565791643578984
0.0005805261117978733
0.0005762315936348656
0.0006062951286029156
0.0006074548700750841
0.0005974037872132804
0.0005592177154088018
0.000540103925005713
0.0005759646955921338
0.0005608575540712508
0.0005561704906319653
0.0006036420657391712
0.0005885575387099336
0.0005710053660258594
0.0005105065028081992
0.0004698584737319576
0.0004626791185723077
0.00044391489453250266
0.00044464806630235896
0.0004405038159076683
0.00040962404144927704
0.00040959631400969506
0.00041679725587506517
0.00040817768435318964
0.00040566188248107414
0.00040419039142965975
0.0004068615005764881
0.0003885930497754893
0.00037421004171435
0.00039078676407506224
0.00039988585068929136
0.0004006181300338396
0.0004016780845941666
0.0004078740367929224
0.0003977056805900435
0.0003906452297793044
0.00038963119979812063
0.0003882574422900607
0.0004013727771965893
0.00040386045481051
0.0003985719215606992
0.0003872904196374037
0.0004000511524322478
0.0003913141478760197
0.0003793791968631277
0.00038424225636936733
0.00037601786870646676
0.0003663065636893461
0.00037888723621398967
0.00036390537187399626
0.0003653444775297879
0.0003630268647397861
0.00036517257694635786
0.0003657961052351323
0.0003596980540959688
0.0003774279306811951
0.00039120808593924984
0.0003877410164171284
0.00039244497159482097
0.0003768699043023091
0.0003684890118328816
0.00040181325233796297
0.0003994004341728602
0.0003768386431250087
0.00037435299462619266
0.0003771637624978352
0.0003781223279221825
0.0003614860024405779
0.00036226995722697853
0.00036421089055098393
0.00037522972129803577
0.0003683289331115391
0.0003774169241949639
0.0003845345616416757
0.00038869517126872483
0.0003902764101464365
0.0003813847468923693
0.0003827805376384473
0.0003805608356563558
0.0003654798716105781
0.00036062193265024673
0.00035084053894885754
0.00033205031809695196
0.0003327479031031996
0.00034624222820818236
0.0003543612719546778
0.0003318421660173974
0.00033489522854631017
0.00033283614180658333
0.00032435368657962816
0.0003374632035614271
0.0003460350783584358
0.00034634685440105125
0.0003395948808925274
0.0003235214211729687
0.0003118615064038395
0.0002980972365773901
0.0002900740051711007
0.0003203775589933208
0.00033018579808317136
0.0003271635911015761
0.00032334950971366934
0.0003130887883657359
0.00030029158846754574
0.00030105019617827596
0.00029873824072691144
0.00031759339029019314
0.000321007084989321
0.0003197431633305501
0.0003178908647164946
0.00030513646381893916
0.0003284192207912241
0.0002982399999804645
0.0003022099892816808
0.0003041795299883337
0.00031695209850447314
0.00030435322702031036
0.0003087232040473906
0.0003085664519872311
0.00030255421895337785
0.00029510901951723266
0.00028266948071253004
0.00028258517273960107
0.00028437002321515136
0.0003006692655401367
0.00030178265777705765
0.00028861344440451304
0.00026048332935269165
0.00025675956415103287
0.0002492094547639783
0.00024508202876990354
0.0002473889321694901
0.0002504639882837897
0.00024811772418639294
0.0002480962643972046
0.0002544220258394856
0.00025781110959210496
0.00025861985217110644
0.00025988759805105593
0.0002598882132057799
0.00024811982538829524
0.00025327194542963644
0.0002456764635446739
0.00023779862648780226
0.00025128424688119794
0.0002597483903989695
0.0002603291298644176
0.00025987432208687757
0.0002513769191695971
0.00024274867047690836
0.00024044304045800786
0.0002446111204252142
0.00025197414017127435
0.00024652346698197307
0.0002391003607635151
0.0002538213237842367
0.00026073314808720355
0.00026661825245027346
0.0002696853039033172
0.0002483002470380333
0.00024969936702409073
0.0002535915341034297
0.00025389271038226373
0.0002456738768816958
0.00024739318913922034
0.00024688469505571785
0.00024348763896879527
0.0002552824095812124
0.00025659937427595006
0.0002585275680106693
0.0002531858453138851
0.00025202374970853157
0.0002445027576191166
0.00022365751847182124
0.00021625325394027597
0.0002175173167130243
0.00020941601288081423
0.0002118062825000944
0.00021291113838721898
0.00021313975081564956
0.0002022814765184536
0.00019809724555586644
0.00020122415606174435
0.00019747449718354848
0.00019704415753044505
0.000194542191784396
0.0001864995995330392
0.00018584598529371458
0.0001864312756118857
0.00019233073981662796
0.00019877601939096982
0.00019607426977078803
0.00018971485826433567
0.00019663012804003142
0.0002006416186035323
0.0001954225856210226
0.00019517510476757877
0.0001980967154681769
0.00019807066926634303
0.0002012936017799108
0.0002029521148242548
0.00020685286177530717
0.000203721374901829
0.00020448778168441446
0.00020902490324609696
0.0002071218210010637
0.00020606467313553204
0.00021286461077205378
0.00020443407217523934
0.00020128688904284077
0.0002031009804608625
0.00020270205607903033
0.00019935375296975609
0.00020292964812508352
0.00020186056330513626
0.0002051588595547878
0.0001987749276430903
0.00018911510757445827
0.0001909876889419078
0.00019656673206611589
0.00019639585869193267
0.00019508583861204082
0.0001867763125574578
0.000184931356776342
0.0001777811032610683
0.00017643718928692694
0.00017355762529723317
0.00016558411414729338
0.00016530704501346242
0.00015772268988706404
0.0001591572941196561
0.00015515495741216822
0.00015421058956184002
0.00015542180243682552
0.00015776575783422986
0.00015868509448085203
0.00015749233406783984
0.00015556017174145234
0.00015701568713982186
0.0001585616197625947
0.00015828594228815485
0.00015813445482807254
0.00015933550192341335
0.0001622663791965324
0.0001639090901336316
0.000166708558795089
0.000166912096738746
0.00016625884482455875
0.00016611522378173784
0.0001626654342825925
0.00016468867641740347
0.0001643345292273385
0.0001590540189591859
0.00015792686095713747
0.00015897960848348702
0.00015379895232592742
0.00015335375560530232
0.0001552209854177067
0.0001529743956900328
0.00015595061129624599
0.00015725719461420068
0.00016411268481308306
0.00016494951534245812
0.00016146927248969045
0.0001582562607157505
0.00015632432357167678
0.00015882509097232892
0.00015646070045160858
0.00015021769008148188
0.00015112191033045722
0.00015079638370530906
0.00014979399863272107
0.0001496645346370939
0.00014899044098760184
0.0001504741296103015
0.00015081395587189986
0.000149928887829644
0.00015431658775880893
0.00015102398117784694
0.00014793620532671325
0.00014660236313914646
0.0001452349286361774
0.00015081500777494006
0.00014961107101750515
0.00014944280855966728
0.00014478318565748998
0.00014462140770810843
0.0001430150503296747
0.00014081925231303882
0.00014066174987827765
0.00014109159904929214
0.00013794981231208197
0.00014203556547600423
0.0001372038620749841
0.0001370432317996235
0.0001378872956801215
0.00013607545106085505
0.00013707326269411598
0.00013580820954789028
0.00013738750761461743
0.00013636774791707436
0.00013582718350373948
0.0001359394599160181
0.0001328770030762709
0.00012469323309038577
0.00012497727528091684
0.00011920763267182251
0.0001226136331088019
0.0001219215801025088
0.00011635272098203364
0.00011866998764686942
0.0001180806805784704
0.00011494057115814467
0.00011262507594035794
0.00011540000850799697
0.00011895801235294783
0.000118576654850575
0.00012417533401524905
0.0001234898822755469
0.0001241220225849682
0.00012522420496873738
0.00012866512039063377
0.00012968434533752878
0.00012853853660650587
0.00012937475887037339
0.00013020980257423838
0.00012888443252267293
0.00012629015500818363
0.00012902738614706111
0.00013040534143113133
0.00013294433985141946
0.00013053251804205117
0.0001308167544303046
0.00012973912465100778
0.00013025271528386333
0.00013216347518269842
0.00013116336640205467
0.0001312252962875002
0.0001290930535484244
0.0001265096073397707
0.00012542377563553225
0.00012376196342897325
0.00012670371686562977
0.0001252644607458807
0.0001263692587584346
0.00012367332878259117
0.00011714145154005743
0.00011704738397575826
0.00011748344829893914
0.00012102535586825136
0.00011970932294929654
0.00012309775881477053
0.00012411232023180842
0.000122891394401108
0.000122855787056928
0.0001266840156984315
0.00012630077302882447
0.00012696819304844914
0.00013063839442424677
0.0001296108560791868
0.00013034394053641494
0.0001308165636911407
0.00013252266053906525
0.00012453374837107764
0.00012750510038455948
0.00012517005235553313
0.0001235996778005137
0.00012404249462786388
0.00012447020632578781
0.0001221506095857364
0.0001228496590775712
0.00011354374984620063
0.0001131134118537431
0.000113957143180448
0.00011579633209371265
0.0001136752370376551
0.00011728430053335342
0.00011668836407310798
0.00011594993365237966
0.00011901999503023475
0.00011811673166471278
0.00012198549572340008
0.0001200066135075489
0.0001211346977496305
0.00011722441962221783
0.00011792096407222903
0.0001188146099887682
0.00011817103755575209
0.00012074624447641729
0.00012143435825773277
0.0001200713775132272
0.00011689794350368435
0.00011740994345732129
0.00011582461093820148
0.00011517562192941508
0.00011259183658453757
0.00011412692306835729
0.00011245466732479908
0.0001125234611133781
0.00011529718097326421
0.00011668744923277971
0.00011805508042005867
0.00011960365111744296
0.00011392862813978786
0.00011192476560918798
0.00011067637287752432
0.00011386877131224556
0.00011452165812611777
0.00011237195669234738
0.0001119554681081211
0.00011295190781019421
0.00011258568478507272
0.0001131676263767965
0.000117234751242116
0.00011513254099257398
0.00011260908736008098
0.00010845285671463792
0.00010707976617766024
0.00010648578971959439
0.00010667892144365935
0.0001072345215825807
0.00010251579946063515
0.00010216470752791094
0.00010195149050893963
0.00009858345619656559
0.00009909592307672871
0.00009789869846701134
0.00009721049976100852
0.00009492229040373206
0.00009302164655412947
0.00009553082979701296
0.00009462417076258155
0.00009445603994793209
0.00009441309676885002
0.00009384475145150015
0.00009282678588349792
0.0000917439388737211
0.00008909275714716503
0.00008855201404020074
0.00008567921674215109
0.00008457900953591664
0.00008517622318659252
0.0000838986731655612
0.00008361960294810487
0.00008424420101026288
0.00008453024440086363
0.000085187361842379
0.00008282735663608525
0.00007856342248764452
0.00008104134974111759
0.0000824036341350973
0.00008209794764598474
0.00008256751651851535
0.0000820489921199337
0.00008550710766338426
0.00008563004814660162
0.00008518871843293044
0.00008504779702294268
0.00008633331913052443
0.0000903888937337498
0.00008944294867741245
0.00008985715711482704
0.00009060532332581068
0.00009103055779368024
0.00009053193536324292
0.0000909336846497926
0.00008850379037011035
0.00008741036886714022
0.0000877533492880959
0.00008513724851921433
0.00008620573436050407
0.000086203801178578
0.00008640678712232282
0.00008800885270563173
0.00008820587072921174
0.00008702127181087274
0.00008561686707882874
0.00008695426157207712
0.00008678183943993039
0.00008866426953117935
0.00008803283940339496
0.00008620244697658897
0.00008591376968280546
0.00008468275672414836
0.00008418813389273482
0.00008878502547960822
0.00008954857621887164
0.00008660301818603571
0.0000874222384766952
0.00008992904062425465
0.00008849551639199984
0.00008882807642182984
0.00008481767113834967
0.00008428300341660773
0.0000801840900472544
0.00008343651476454416
0.00008174346790952473
0.00008219758426426769
0.00008181658076317658
0.00008090722351493013
0.00008049449633248513
0.00007968717642961908
0.00007979730196134602
0.00007978334063215534
0.00007731893717173278
0.0000766631568798766
0.00007562287992726604
0.00007582696227066463
0.00007632364719153281
0.00007502908566476143
0.00007409203338658498
0.00007499197712623084
0.00007436447400769363
0.00007349647150744549
0.00007322490541842177
0.00007535730755995323
0.00007567205442302105
0.00007775297879284442
0.00007242888795234154
0.00007146479657950957
0.00006989918178387936
0.0000695180882505042
0.0000687886760767236
0.00006902602371056972
0.00006861091348651147
0.0000690878004809548
0.00007012621146933691
0.00007108303446163772
0.00007013018691378975
0.00006968217362564177
0.00007120342931404903
0.0000712855552252054
0.0000732849492366845
0.00007540774483947991
0.0000761284083174932
0.00007670325859037748
0.00007623058211219724
0.00007572660911189452
0.00007426148625520995
0.00007387096098980707
0.00007314039007946483
0.00007353247604830883
0.00007301870015572106
0.00007261804807348442
0.00006997044315092655
0.0000700950897528751
0.00006932633834401328
0.00007062949547762822
0.0000706708241766439
0.00007130681528668933
0.00007120177033268359
0.00007192392739869558
0.00007222757477223759
0.00007160701203361573
0.00007719997549754013
0.00007856190924209937
0.00007693908534053069
0.00007641521927198455
0.0000752684851689364
0.00007355915984432424
0.00007337649144978517
0.00007226598014992724
0.00007259279435882221
0.00007418240411754423
0.00007151413392147339
0.00007084322227269554
0.00006971771407837234
0.00007042485725457614
0.00006994793689366386
0.00007184432840722436
0.00007079857503392766
0.00007014791883756707
0.00006994099212936495
0.00006812333650595424
0.00006849115935538394
0.00006873728547880194
0.00006716801364078843
0.00006826531854313195
0.00006766607102965552
0.00006770760400225897
0.00006641186546323699
0.0000664037836375055
0.00006718502486413942
0.00006714296470112168
0.00006648739133762129
0.00006589155391453326
0.0000666347359170796
0.0000674747231012277
0.0000665242774539196
0.00006890911151860507
0.00006978207797818895
0.00006922038283410089
0.0000682732813260193
0.00006855275905135075
0.0000676874764436497
0.00006735973944236779
0.00006516930410327368
0.00006586366395283193
0.0000664753086620336
0.00006360264249782407
0.00006393832483747975
0.00006469745406243372
0.00006431520907062036
0.0000633389618324698
0.00006259894896386037
0.00006125455492571457
0.00006101006248027293
0.00005968698163103804
0.00005946100295089156
0.00005973617555968548
0.00005981596842663308
0.00005935898810137695
0.000060877963697280925
0.00006107484814316142
0.00006169091097750221
0.00006220028092373553
0.00006298735920663156
0.00006322101755478451
0.0000635167972959356
0.00006235919714977168
0.0000623244823985331
0.00006325399643449465
0.00006735144541116849
0.00006635694909655182
0.00006664927256711136
0.0000671476295613776
0.00006738378246451784
0.0000705341357564807
0.00007037254259037713
0.00007011683406308222
0.00006975858843183771
0.00006943654788176971
0.00006944310833863223
0.00006936464894934649
0.0000712916719225171
0.00006929090010463894
0.00006693091925612914
0.00006639811288571289
0.0000671353186481842
0.00006525894517718139
0.00006514644635353572
0.00006571806911692937
0.00006646087943021861
0.00006407728187975947
0.00006300838830218253
0.00006188019949315272
0.00006243648185776667
0.00006276455614234706
0.00006134612526623286
0.0000607728346733254
0.00006051871199600934
0.000059726988186575446
0.000059428850373485266
0.00006051120339068108
0.000061021914982354495
0.00006067231526870135
0.00006095509299076821
0.00006065505099816377
0.00005996523194130373
0.00005994417071541532
0.00005966113186084547
0.00006068152157111543
0.000061427279903361
0.00006134081136709967
0.000060867125515818366
0.00006045334786689613
0.0000609814512785829
0.00006073689309603713
0.00006245669754707125
0.0000624664394050032
0.00006125223572135745
0.00006132518651221533
0.00005975752918108087
0.00005882466726543308
0.00005920394105508952
0.000060523973219366434
0.00005873271333682155
0.000058280599003888365
0.00005728073071722164
0.00005816692627560396
0.00005839558872651439
0.00005861762391970359
0.00005843887322341323
0.00005856440774188465
0.00005895508750042404
0.000059459873722942576
0.000059345027390330904
0.00005961836729510135
0.00005909936230202504
0.00005882046560420833
0.00005895495972358394
0.00005785013525623696
0.000057551882496894576
0.00006030026401644073
0.00005961537593540152
0.0000577170534630606
0.0000561679726987052
0.00005703448724450564
0.00005302321200897195
0.00005546288645631992
0.00005544546114396272
0.0000554381737540052
0.00005517313882830414
0.00005501501128468686
0.000055369574970842874
0.000053606093146940385
0.000050410666193018373
0.000050253556633381764
0.000050414408048499234
0.00005067726169478207
0.000049798224569765805
0.0000494007518024522
0.0000488657564305532
0.00004791587894780922
0.00004774762711454275
0.000047401101737744174
0.00004722119955165249
0.00004676454560941032
0.00004716495489619727
0.00004701905925491724
0.0000449275060349718
0.00004454260288429317
0.000044145759711188833
0.000044411232003804005
0.00004559125473216696
0.000045235142001136
0.000043620647914127486
0.00004383081374585783
0.00004468927691772071
0.000044969151023241895
0.00004564562137095188
0.00004653852055776286
0.00004759446822571382
0.00004598219019484218
0.00004799238006613856
0.00005156822170633367
0.00005142862160451341
0.000051967117743474915
0.00005209245054526071
0.000051443751853056296
0.000051984062351376526
0.000053922083725350956
0.00005318197028803644
0.000052756252620039885
0.000052851410967197745
0.00005407593444931896
0.000052975901922838715
0.000052651314116086604
0.0000472620282274243
0.000046832036557282634
0.00004722007465807751
0.000046327048966732604
0.0000460458822752642
0.0000468645654404931
0.00004831183982767875
0.00004772616707784862
0.00004711116347800805
0.000045733891949193294
0.00004539715426170596
0.00004544852544781681
0.0000444415421805203
0.00004577436799356528
0.00004567890604770581
0.00004413533923975747
0.00004399074916894654
0.00004392229006724268
0.00004451214417011693
0.00004481299386085352
0.000044831847959998704
0.00004479035366622047
0.00004471867113707867
0.00004494748926589984
0.00004550856630612547
0.0000456048698167001
0.00004498964823813079
0.0000449339518714168
0.00004457633810859946
0.000043185344909184825
0.00004333915358100762
0.00004302039396225653
0.000042532297211706484
0.00004194051930628037
0.000041768645263321206
0.000041853928120691765
0.00004191067430325923
0.00004222760720015843
0.000042775202655008886
0.00004350089087512703
0.000042680480168462864
0.000042591945751721416
0.00004281630388038042
0.000043441425978947414
0.00004376655222080501
0.00004362570296432776
0.00004428842130862415
0.00004520663391936127
0.000045048210945143365
0.00004514806546143969
0.00004511201912438948
0.00004507599796831845
0.00004521596494799451
0.000044821621625836346
0.0000448035842600188
0.000044453942815436646
0.000044199900690930233
0.00004522653943594197
0.000045513906724802537
0.00004662904748292908
0.000046574660312842265
0.00004583741732496033
0.000045968518579842294
0.00004614022315741763
0.000046074423964759336
0.000045500288135912483
0.000043862221418295734
0.00004375373711305306
0.000043775948256506764
0.00004325335324156287
0.00004365599236070977
0.00004337540249733507
0.00004394410698727408
0.00004465721293360642
0.000046232004842065964
0.00004485872871478645
0.0000451216909502274
0.00004622393012068674
0.00004631224656919663
0.000046660902453355796
0.00004704521795267031
0.000046214299862967093
0.00004645491326122686
0.00004571008061379318
0.00004564706626237444
0.00004560806025795778
0.00004513703105414017
0.000045162067160174644
0.00004542627709684684
0.000044774760110564275
0.00004463919570089277
0.00004299712864675847
0.000043215151134433526
0.00004258794942285986
0.000042650885081810034
0.00004268777039129262
0.00004445315461386936
0.00004374708280890496
0.00004490326995203893
0.000044794900876589884
0.000043550803631220626
0.00004378866237075359
0.00004386951531206114
0.00004411531295335714
0.00004425046717393577
0.000043823540305817506
0.00004380259540599688
0.00004361839327146909
0.00004288377858160117
0.00004331079550382259
0.00004249313229836736
0.0000427922238532904
0.00004283204023970654
0.00004275405981055414
0.00004242831323408928
0.00004185380579001091
0.00004166491140371212
0.00004303693794631268
0.0000430148254924001
0.00004299560246475526
0.00004280822975027389
0.00004488556900461118
0.00004401487610543459
0.00004399690569694506
0.00004399471604226942
0.00004321514387430988
0.000042593877540857556
0.0000429605308731197
0.000042429722150360815
0.00004203911192910742
0.000041164165744596366
0.00004107258259663113
0.00004096936972131201
0.00004012268995425253
0.0000405989115226288
0.00004016999576529743
0.00003854098943610085
0.000038550949371429387
0.00003766287860419891
0.000037612406324076604
0.00003766169552733475
0.00003778372573866211
0.00003764909613943207
0.00003743429365461259
0.00003825629363682697
0.00003788462834936925
0.00003774696031769113
0.000037857142933081475
0.000037875830834849425
0.000037681105273381586
0.00003801310211259325
0.00003801491339962158
0.0000381788861428405
0.00003804491273115523
0.000038848215451252045
0.00003865122612761425
0.00003817250981158868
0.0000370036411602657
0.000036854862461585625
0.00003680115957646634
0.00003642771526341151
0.000036036373022974155
0.000035819113277053235
0.00003741428167638017
0.00003711984316945242
0.000038027255958374626
0.000037826691812239866
0.00003744490269556552
0.0000379241571797369
0.00003655939075203247
0.00003645965953992501
0.00003666074351578123
0.00003679410254701292
0.00003749154659468187
0.000037797601645877735
0.00003774735206436128
0.000037888783374969636
0.000037400343989656476
0.00003794771555189647
0.00003794577175886052
0.00003755281463349888
0.000037908292790231415
0.00003836103697007481
0.000038278360057169804
0.00003938583281440156
0.000039494000890718114
0.000038669120491137316
0.00003863846595290079
0.000037424603475988805
0.00003741250271210568
0.0000374104290319738
0.00003785389442778172
0.00003888761487595964
0.00003858945134720612
0.00003900036760872274
0.00003921032641329026
0.00003919647639635127
0.00003887717353656546
0.00003906580380976948
0.000039476806560636855
0.00003934783470713415
0.00003953896429297414
0.00004001276938087112
0.00003985325542523611
0.00003959269019358721
0.0000395216553204782
0.00004030409723801342
0.00004102329582453712
0.00004040338249939748
0.00004038811936812468
0.000040558731343991566
0.000040819144028088857
0.00004087911901104222
0.00004049239280941507
0.00004033904576164985
0.00004076452289524802
0.00004000365040600814
0.00003998570782701542
0.00003965118507286529
0.00003918745163910702
0.000038252331949623516
0.000039175579963466354
0.000039251509798556384
0.00003921275978304148
0.00003906376823908085
0.00003900711581601713
0.00003977019319319599
0.00003947408154007436
0.00003884432060529839
0.000038111299801577384
0.00003776633514194076
0.00003689719234784274
0.00003622022487593923
0.00003605633357330352
0.000036276019938200955
0.00003619526904400365
0.00003670889742137621
0.000036902427960366574
0.000036834958071818705
0.000036247589286806045
0.000036012583640148255
0.00003616402469874957
0.00003615946628540488
0.00003546979522695407
0.000034160840329086574
0.00003407397695145859
0.0000340729423748949
0.000034197736091230935
0.00003430659726886854
0.000033669253487861546
0.00003340919972333711
0.00003399258549020192
0.000033673905933071515
0.00003345848044159814
0.00003421825392789482
0.000034828768375397826
0.00003483993435909452
0.00003412713877080436
0.00003487310438093071
0.000034352578331148615
0.000034604130984478814
0.0000351581773551084
0.00003442844665798761
0.00003423811982947284
0.00003418226976075421
0.00003431062039803101
0.000033540980436154444
0.00003341769755313452
0.00003326777116864338
0.00003329971258204884
0.00003381291690416431
0.000033803271995698664
0.00003381326136577776
0.00003189900808261084
0.000031458734524272985
0.00003200354677003524
0.0000321221003159211
0.00003191834208884552
0.00003173870152542233
0.00003145740722050226
0.00003152839893637547
0.00003063948223250547
0.00003086176922599318
0.00003127491114884467
0.00003105753657319041
0.00003108877690735599
0.00003144493605421062
0.000031203456367055615
0.00003141463535413566
0.00003152409703883506
0.00003149836187489153
0.00003151072450969158
0.00003151072450969158
0.00003147889959785203
0.000031757287903355495
0.000031037330087452144
0.000030222200206933093
0.000030407065795226464
0.00003028826194816179
0.000030180643900085905
0.00003034573775747111
0.000030522878317817555
0.000029844654609041473
0.000030135601039747532
0.000029447069148090592
0.00002965078662402477
0.000029812451397310557
0.00002969375726403866
0.000029931170471842634
0.00002935145149831996
0.000029211821995699564
0.000029228891061493077
0.000028959536914645182
0.000028921165512851254
0.00002871378104411888
0.000028543340924300073
0.000028188130103968203
0.000028227820552094136
0.000027874765105847646
0.000027866162111256226
0.000027817924216792627
0.000027878790428922513
0.00002826673026950089
0.000028474143128179087
0.000028660743683207196
0.000028335005261564725
0.000028228153135694848
0.00002810219227492347
0.00002846819057162732
0.000028470885178900085
0.000028657416478402926
0.000028728669555185984
0.00002886467470866596
0.000028890581163746375
0.000028607063398528813
0.000028591611879725515
0.00002857995838614689
0.000027908477513751323
0.000027922018863203454
0.000027902499193701893
0.000027931346986496757
0.000028409123320927108
0.000027842988038855554
0.000028335200492748355
0.000028448115700740688
0.000028376498595818116
0.000027761979003976452
0.000028079346264902368
0.00002831615716402473
0.00002835681699748103
0.000028669328809294404
0.000028623777634261644
0.000028575930125985496
0.000028573029468659998
0.000028228867428970708
0.00002830212845326762
0.00002836409477514755
0.000028217437449809437
0.000028176933936019526
0.00002828642341417585
0.00002829277913016533
0.000028208348967301553
0.0000279832769162837
0.00002770857674376113
0.000027015135739018686
0.00002645718934986085
0.000026251314742977293
0.000026663634675679323
0.000026879406266401364
0.000026852544573151882
0.000026707696162989394
0.000026419802155318374
0.000026402000689643508
0.000026394757987404134
0.000026665622161708816
0.00002550073189196672
0.00002554891216836286
0.00002561630226956526
0.000026850599197962097
0.00002731854513110933
0.000027179686139535757
0.00002712329853284165
0.000026693939160266052
0.00002651714410283954
0.00002600693753065312
0.000025824641435940586
0.000025824078149402984
0.00002616829473858517
0.00002614491106622725
0.00002632937581486132
0.000026023897627701943
0.00002615517999267349
0.000025813687716744478
0.00002698348124360954
0.000027023200355711834
0.000026709765242356666
0.000026641787915377258
0.000026824357074145933
0.00002721816102553449
0.00002744055847509442
0.00002781829511801872
0.000027879189634203924
0.000027802147173701007
0.00002838396457394726
0.00002828208082022343
0.00002788995338633723
0.000027777313462469687
0.00002761796736247664
0.000027072406861829886
0.00002647281878562341
0.0000263547810190221
0.00002630128042547802
0.000025814116369420516
0.000025885100067298852
0.000025762006577977097
0.000025331175200562434
0.000026141997130527333
0.000026582777070729632
0.000026683877655799634
0.00002705577728927009
0.000027427378136560757
0.00002771891158967535
0.000027523796993769714
0.000027623061084632245
0.00002776253102599576
0.000027435825409975
0.00002743559192141258
0.00002830005781737559
0.000028434721887549045
0.000028858034726254763
0.000029767965862751905
0.00002979055062304725
0.000029499046256376394
0.000029910706760434685
0.000029993373836800246
0.00002969717702170329
0.000029907721713095773
0.000030016598358963647
0.000030015884457631886
0.00003000976473569962
0.000029069003119936783
0.00002958871274588326
0.00002995535991521628
0.000030019807567018518
0.000030246067404035632
0.0000296518324105416
0.000029046240072505823
0.00002921962729825286
0.000029005329114783804
0.000030030902266358373
0.000030283132351921677
0.00003025790845984445
0.00003003182607374132
0.00003004714429058709
0.000029672288181847973
0.000029976507352060936
0.00002981354029277649
0.000029653177104104465
0.000029487775261728238
0.000029596463751159208
0.00002993600504069357
0.000030079288610432324
0.00003012494537104172
0.00003009103127872904
0.00003004270270861902
0.000029791130980139153
0.00003007132781960865
0.000029520238614359956
0.000029883721333461327
0.00003001772877634254
0.000028559667331291455
0.000028762421102244475
0.000028783231179673588
0.000027723026439210757
0.000027283864499306237
0.000026977016458198444
0.0000274147214136106
0.000027291719575184106
0.00002712144527876369
0.000027337078643116886
0.00002726017092128827
0.00002727220320685218
0.000027495930103834656
0.000027597414494677734
0.00002763565839838865
0.000028000925666940122
0.000027771673022284183
0.000027152198791310633
0.000026844116790576294
0.00002695851354243724
0.000026860853481630873
0.00002605951836630378
0.000026033095680091647
0.000026464314612598336
0.000026474935966620056
0.0000263499452391266
0.00002655857794817527
0.00002630025691019828
0.000026212674057266406
0.000026218996491547693
0.000026252513265031343
0.000026164774637100632
0.000026196955700447862
0.000025605613440131177
0.00002621742670691761
0.000026048082712346794
0.00002617059604204102
0.00002508067484949771
0.000025269415106853694
0.000025499898792680453
0.000025831256700822166
0.00002572803240758657
0.000026345877525549888
0.00002647322165367588
0.000026286280456078678
0.000026615606331707978
0.00002661073606999578
0.000026538123034842926
0.000026353939484266834
0.000025216007435572273
0.000025174603561855222
0.000025121405977481978
0.000025376747679060238
0.00002505159273075799
0.000025284198067646015
0.000025279004567440535
0.000025450072900770732
0.00002562729226157402
0.000025460619633970954
0.000025706683496032386
0.000025782059758898877
0.00002583150776299348
0.000025735049729681517
0.000025691349509161096
0.00002568644572290715
0.000026056035791944772
0.000025931045172541793
0.000025968145164627114
0.000025431867235550738
0.00002528787492685176
0.000025113132826835893
0.00002442266212735984
0.000024383807878527497
0.000024386351955313113
0.000024372477357189692
0.000024509819313452076
0.00002434498157539457
0.000024332871169410224
0.000023860256564365634
0.00002355188076633664
0.000023514543741910637
0.00002488125926496564
0.00002484466043487413
0.00002452140929007923
0.000024197942691833945
0.000024270891874752135
0.00002436232162329475
0.000024338098150031468
0.000024487137171553777
0.000024486162449554584
0.000024459158110344035
0.00002433927666685703
0.000024480786237411588
0.000024721098337208276
0.000024225513771299426
0.000024019372501933736
0.000024027651812719002
0.000024042690846874768
0.00002434532255114117
0.000024187407685583108
0.00002370865528892041
0.000023585409108654883
0.000023402830869547294
0.000023312556890103228
0.00002322375080575521
0.000022832771576481703
0.00002260127850855449
0.00002249820572593469
0.000022154616468501838
0.00002261738984235733
0.000021841750397342506
0.000021390873564777224
0.000022211673234246242
0.000022147129329751952
0.00002215992145928095
0.000022376050156190982
0.00002243118277817405
0.00002246220985065206
0.000022596088084457502
0.000022536821250200032
0.000022443184752907402
0.000022384385809266832
0.000022386662622563995
0.000020897111728706365
0.00002084493487164166
0.000020724595185454467
0.0000204129994953261
0.000020491971583239197
0.00002054836869768483
0.000020501771983766963
0.00002022495221730656
0.000020534235363077772
0.00002075985646070681
0.00002070820785060936
0.000020939543411427602
0.00002062524317003372
0.00002077072538257235
0.000020555592998583908
0.000020538417152447566
0.000020195735918188397
0.000020195735918188397
0.000019597847050120467
0.00001932942250866002
0.000019621902432267613
0.00001945216238131443
0.00001955763351184883
0.000019671245488504977
0.000019618731501241153
0.000019616964916170203
0.00002003419800724964
0.000020563579911376382
0.00002064652089992166
0.000020492563050347482
0.000020432189177938404
0.000020433231332692906
0.000022037775310758122
0.000021971267404643293
0.000021734852701833587
0.000021686647311856374
0.00002185557481260849
0.000022428521787449507
0.000022261249771978012
0.00002226772586605959
0.0000223661172985429
0.00002280057180930532
0.000023006824723167488
0.00002287025547817192
0.000022948087167076347
0.000022923129115184843
0.000023285425630979363
0.00002320328233965718
0.000023084001863284535
0.00002303967917084225
0.00002294882560263864
0.00002272977174359453
0.00002288327629006127
0.00002276645280243232
0.000023797863203419045
0.000023895862906452907
0.000024021074935151806
0.00002391536696815423
0.000023882057108255468
0.000024989980652029064
0.000025252073217539146
0.000026202581013462027
0.00002518654518497819
0.000024364319843505233
0.000024326116610476264
0.000024324697926848495
0.00002415091876374735
0.000024122890871886485
0.000023943751679181516
0.000023748198898788045
0.000023578556689332385
0.00002268624032155469
0.000023226643615283618
0.000022782200843186893
0.000022712476665561255
0.000022575822548901526
0.000022173044384123512
0.000022162389505508704
0.00002245861987299983
0.000022267486019232918
0.000022289189074812203
0.000022144523413066233
0.000021927873339210732
0.000022003087765998038
0.00002181247001848392
0.000021867888529061866
0.0000220798718393734
0.000022498922075808496
0.000022501874509621894
0.000022916414910218943
0.000022711050151351486
0.000023047998536640354
0.000022793592579968825
0.000023044541511144426
0.000023380107318193103
0.000023362266752833815
0.000023334868407048166
0.00002345284864898835
0.000023259921230874342
0.000023219848746298496
0.000023230626694260996
0.000023138262980204905
0.000023136201663909347
0.000023120948541525187
0.000023382706144707555
0.00002348718301145184
0.000023649187522974217
0.00002355769000340141
0.000023534191181076346
0.000024514061820860716
0.000024273707691270023
0.00002427058833418686
0.000024272221291003104
0.00002459922766647145
0.00002454777487267535
0.00002454777487267535
0.000024484813399539934
0.000024551149117998873
0.000023374746391752
0.000023397910821392
0.000024373431646763294
0.000024432080719454276
0.000024435763014425807
0.000024473584404198124
0.00002456612487814266
0.00002454814183256398
0.00002394495617402155
0.00002377579559813719
0.000023755832606727513
0.000023397449268794482
0.00002367240783616489
0.00002360043633763718
0.000023767135377407385
0.00002322075256447951
0.00002308281382778775
0.00002299070522032495
0.000023126713604941335
0.000023165259527850243
0.000023130458468032463
0.00002357040801571013
0.000023411411373910004
0.00002297013112300973
0.000022864288842001542
0.000022877463106983756
0.000022754928870875652
0.000022651944539902496
0.000022603925168600825
0.000022170817266220603
0.000022146831963682433
0.00002223631507200775
0.00002218673869854754
0.000022527517794991193
0.000022241712150789456
0.000022077199598259276
0.0000221496299284545
0.00002216034539694634
0.000022153885252643095
0.000022058682188810627
0.000021521839452435643
0.000021425256490730296
0.000021407666108579844
0.000021455057346031427
0.000021519341181831588
0.000019813467153127198
0.00001989431846397009
0.000019961436459147653
0.00002023833852046289
0.000020562731779609914
0.000020575415623643587
0.00002056050589146715
0.0000203700740541753
0.000020297004756428025
0.000020659274412977042
0.000020555706741167293
0.000020461881383512455
0.00002074919494096452
0.000020560335691822504
0.000020462277766983278
0.00002038461337692411
0.00002010986266278983
0.000019847903995823387
0.000020021423327546893
0.000019525512022783507
0.000019223499706924252
0.000019131287782618543
0.000018942151541456083
0.00001869825147904937
0.000018641118849904676
0.000018673594586073427
0.00001877878801812858
0.000018529114334059135
0.000018648261109134658
0.00001894652655112178
0.00001881625682518504
0.00001880741801637629
0.000018798981827234615
0.00001873057119002473
0.00001888806226802167
0.00001881109776264918
0.000018818295821597
0.00001873395827271885
0.000018815403857015364
0.00001877738707764936
0.000018651822912916325
0.000018448272186865105
0.000018634454641395093
0.000018887974971426862
0.000018994001429364173
0.000019032165094711177
0.000019125248530480888
0.00001911370388843141
0.00001903606271077156
0.000019180117851447103
0.000019166586002205076
0.00001906522773999757
0.000018999982803039684
0.000019435204157726064
0.00001943228913700154
0.000019430810687617302
0.00001954880986049609
0.00001902205635275475
0.000018576780497156346
0.00001857337648679374
0.00001872189640164795
0.00001881477374377598
0.000018849527555017065
0.000018854469099901043
0.000018788430161539307
0.000019705067346418276
0.000019871943035194462
0.000019741891988909885
0.000019741891988909885
0.00002003250862054916
0.000020163122467465175
0.00002013640554209499
0.00002011383537941199
0.000020268725010357474
0.0000206163371413807
0.00002068271050830907
0.000020629548587414968
0.000020592677066537183
0.000020500554334280854
0.00002035599627995143
0.000020413298443021356
0.000020428653869763677
0.00002041378625245051
0.000020556276120343127
0.000020574093620289472
0.00002021278674301975
0.00002010108471303845
0.000019725872509716666
0.00001966392718189065
0.000019663297134259232
0.000019520986828265076
0.00001968156486410332
0.000019382186778339233
0.00001928860250788029
0.000019350096050075353
0.00001987680506629624
0.000019705697435259598
0.00001941118492613485
0.000019347653111834718
0.000019379472594395047
0.000019338821698809682
0.000019447420659000324
0.00001948896967566857
0.00001957611599680935
0.00001954197404725061
0.000019536004008672386
0.0000195450478635238
0.00001971992845588891
0.000019737929065584344
0.000019745157890050387
0.000019679462786486222
0.000019337894466232745
0.000019457290191950053
0.000019452488244735504
0.000019487767571803502
0.000019468307654515684
0.000019536038612641524
0.000019676631373041427
0.000019583980778881848
0.000019583980778881848
0.000019707230084136418
0.000018581854104978123
0.00001843247484006504
0.00001838935434867531
0.000018342635650860522
0.000018456043585893677
0.000018506894104674198
0.000018506894104674198
0.000018225990434537278
0.000018621184861859
0.000018627810895360912
0.00001861760790145752
0.00001867483918708378
0.000018644925297261022
0.0000187544027628905
0.000018717225555995384
0.000018290307347989398
0.000018546866262483012
0.000018272841842612314
0.000018446053044986148
0.000017874663712706545
0.000018136133521885264
0.00001818252572048579
0.00001821810820437194
0.000017996383707134505
0.000018011461467646255
0.00001792305270970657
0.00001790130108834437
0.00001771817823128185
0.00001761797478584395
0.000017488701177998895
0.000017369321245930227
0.000017363820403745155
0.00001726492784200628
0.00001730916143766408
0.000017310250017884002
0.00001783327488432538
0.000017812462619004324
0.00001775471660775497
0.000017740588345418357
0.000017623946457796935
0.000017584148497940306
0.00001728100939776531
0.00001730032959817907
0.000017071665995538777
0.000017503426882893426
0.000017245302900206096
0.000017068853671807746
0.00001713048282629162
0.000017312885973236168
0.000017301736975900353
0.00001737018771674044
0.000017422072413435176
0.000017418369143035134
0.000017409067343501207
0.00001740661701568324
0.0000173742473176417
0.000017398394988503112
0.000017398394988503112
0.000017243115058320897
0.00001697037171082521
0.000016996890108188492
0.000016980159632018734
0.00001682163187222787
0.000016465811304779562
0.00001657047584806137
0.00001656775958011519
0.000016269484456842247
0.000016593634939829045
0.000016488830113213295
0.000016551438108982555
0.000016314320739052688
0.000016316453868605304
0.000016334294563922878
0.00001623959006379192
0.000016207166385657574
0.000016429322329802262
0.00001632503273131281
0.000016689900392881915
0.000016735804858058315
0.00001689706722298205
0.000016818100359464175
0.000016905680770442543
0.000016850736050452446
0.000016907637690430916
0.000016955175213414642
0.00001710133132413334
0.00001615797976736567
0.000016160152625206088
0.000015788553770489153
0.000015819121691948228
0.000015623937595794853
0.00001562089208385227
0.00001542178513222628
0.000015351272066717495
0.00001533894316631378
0.000015355296915030978
0.00001526021867815241
0.0000152011873600877
0.000015002400058640144
0.000015054914493805279
0.000015105245056843055
0.000015002730610158357
0.00001507586720175353
0.000014920222194893315
0.000014822787301948339
0.00001481285734285217
0.000014986001240947261
0.000015099034205693869
0.000015194822207084064
0.000015979505200273367
0.00001595448757122007
0.000015976438961032647
0.00001595503566831777
0.00001582889597964467
0.000015150614703522574
0.00001495286196398919
0.000014942348036689197
0.00001455188019400195
0.000014703143726240517
0.000014787043509662933
0.00001480149822754032
0.000014449228826160128
0.00001431299840778999
0.00001431297676619304
0.00001420706605241278
0.000014199988966675377
0.000014202643391418935
0.000014104391370739923
0.000014161426874258328
0.000014222667171327215
0.000014237647825495255
0.000014332722258470013
0.000014332722258470013
0.00001433215358477505
0.00001446127593594634
0.000014475235272461235
0.00001449615613859378
0.000014405729351489484
0.000014427562157482832
0.000014578420491979577
0.000014573858214957871
0.000014259330251377965
0.000014161409296648788
0.000014195542134886437
0.000014049340785588568
0.000014101481690845674
0.000014118700280124815
0.000014541948407120826
0.000014433813564205256
0.000014315309974543317
0.0000147059818415184
0.000014705422506717022
0.00001462621101928947
0.000014564889486201938
0.000014490520238525585
0.000014441921666049593
0.000014476793181001978
0.000014576928873697757
0.000014576380174267642
0.000014626808553883308
0.000014617583808695114
0.000014373762990236866
0.000014346478137716289
0.000014216334826669956
0.000014110608025317888
0.000014217207826178479
0.000014157370821108813
0.000014156577032467543
0.000014392121845651645
0.000014513481764441201
0.000014512126001499322
0.000014458644175296375
0.000015373593202256406
0.00001545686189268379
0.000015481389812545473
0.0000155514419315824
0.000015430360497387014
0.000015182324567871651
0.00001588726743017086
0.000015980103767964967
0.000016110811877702315
0.000016216445357390383
0.00001551822672712962
0.000015658895167589432
0.0000155342754205658
0.000015370754990770928
0.00001540678846663265
0.00001538912287428784
0.000015210630023095128
0.000015139894010925982
0.000015218173138441634
0.000015000270182518442
0.00001516211527477844
0.000015140149637238799
0.0000152631306401793
0.00001529865432763454
0.000015095148807696944
0.000015093531605755284
0.000015165911682923556
0.000014874512718313503
0.000014858538988782709
0.000014919485537974187
0.000014811696330907353
0.000014875151504286758
0.000014920830098536501
0.000015032902539005686
0.000015082454492753429
0.000015113731556082243
0.000014916907262655429
0.000014916907262655429
0.000014924136672722728
0.000015048990509593778
0.00001510783375657881
0.000015042416665281473
0.000014935605884306866
0.000014974460239106995
0.000014974460239106995
0.0000148159927090514
0.000014812439313876113
0.000014565552400178888
0.000014890701051357677
0.0000147592460413351
0.00001475140191654328
0.000014844423768175062
0.000014743449009919553
0.000014864425620150727
0.000014902639556048675
0.000014703682570370183
0.000014788630849740703
0.000014788630849740703
0.000014852196697857447
0.000014683480545865537
0.000014699673939937481
0.000014474094730271298
0.00001450868907071578
0.000014557717872410174
0.000014613476387303909
0.000014700879525830828
0.000014700799226433014
0.000014956940010957542
0.000014975178277076745
0.000014993365555041436
0.000015152361665615403
0.000015003530128468848
0.000014883392443586201
0.000014745765635968034
0.000014775091883951634
0.000014780588860970752
0.000015192128525711368
0.0000149424589491249
0.000014890734233540728
0.000014866561865935588
0.000014908861158710399
0.000014792980988227415
0.000014837777019297261
0.00001465837934868697
0.00001456084418904526
0.000014652885681118079
0.000014757807825384535
0.000014888070205086028
0.000015567078185591013
0.00001558056988065675
0.000015520227213603144
0.000015655865206812518
0.000015655056425696545
0.00001563986422075031
0.00001566297960181589
0.00001556465138470262
0.00001594098505317624
0.000015696138360413225
0.000015505642820646225
0.000015474348479423264
0.000014677748078936033
0.000014676924619123887
0.000014615687006550672
0.00001462389423929321
0.000014734545918994165
0.000014665376243520535
0.000014774238936915251
0.000014548545711331499
0.00001432775889159307
0.000014333980274403024
0.00001437575861890771
0.000013976271865572682
0.00001397976390926063
0.000013982354518181036
0.000014549057167641666
0.000014549057167641666
0.00001441526019352774
0.00001439668952146812
0.00001439665508069191
0.000014460457030168272
0.000014446537297621112
0.000014444740177244163
0.000014403409207341187
0.00001438861797532439
0.00001464938277796915
0.000014819284746901674
0.0000148786499998533
0.00001532667179579513
0.000015346402969988282
0.0000151339643233416
0.000014906943337702817
0.000014891222062756028
0.000014883490562139927
0.000014883490562139927
0.000014881738555404786
0.000014914342159478534
0.00001496973112615384
0.000014888224227941772
0.000014854213991812546
0.00001456581481521944
0.000014464344506452619
0.000014480782995549696
0.000014587766832939879
0.000014562734944594814
0.000014648779021681467
0.00001464402251047316
0.000014622121675454995
0.000014542929391975518
0.000014602201866732386
0.000014523104626460407
0.000014254749503195276
0.000014255009364080647
0.000014161617390791774
0.000014139289201366857
0.00001445311816298102
0.000014541813721863469
0.0000143994540517642
0.000014318252448270964
0.000014369536844462431
0.000014341441478136689
0.000014354636357937726
0.000014344299046792084
0.000014366133564988956
0.000014083527773263573
0.000014029837989530229
0.00001408712359824489
0.00001366286620146276
0.000013804321327999934
0.000013903912891748403
0.000013878950624227944
0.000013865302715461913
0.000013660482329186246
0.000013665792399870772
0.00001370968630394685
0.000013522916804618836
0.000013207048275022046
0.000013108814679248179
0.000013057212204063758
0.00001304491873015801
0.000013064947464006821
0.000013376145437495377
0.000013364534063409657
0.00001336563784176303
0.000013322413545736576
0.000012971738353914598
0.000013012196437196545
0.000012958970669126528
0.000013162870000413301
0.000013065181126317125
0.000013146501912092435
0.000013150725509537876
0.000013217802833855913
0.000013239567137509276
0.000013269862192055857
0.000013268596398741129
0.000013233503325357215
0.00001338310905067482
0.00001340347171426406
0.000013357006635759189
0.000013356824869167087
0.000013178619005071327
0.000013183194264153353
0.000013239026036303836
0.000013459584510493044
0.00001374684764154718
0.000013881336433431042
0.000014027529938847014
0.000014016295480216972
0.000014069069926892055
0.000013987831091469512
0.000013956909329299469
0.000013971882299113739
0.000013971882299113739
0.00001404374205153526
0.000014221125326497818
0.000014261690394541118
0.000014258682602154166
0.000014258682602154166
0.000014522914976285326
0.00001454626652423345
0.000014342395342899928
0.00001417822409512824
0.00001424382630643315
0.00001441915933295181
0.000014580645548743483
0.00001436462065776896
0.000014355912077411615
0.000013993289317499752
0.000014107329378453756
0.000014183407249232509
0.000014200891705358584
0.000014264451827465325
0.000013496632031218016
0.000013495932799117032
0.000013671439381436398
0.000013690453826736615
0.000013688426388586584
0.000013621974777295407
0.000013621974777295407
0.000013517158457487851
0.000013741906074195534
0.000013713584427217862
0.00001354563291953125
0.000013588540076667474
0.00001369868737912783
0.000013463659331449273
0.000013429580887894379
0.000013598242730086183
0.000013583025331632154
0.000013583809927121127
0.000013741451949669347
0.000013842026330650368
0.00001386775484545031
0.000013847515031030163
0.000013859278945719492
0.00001381336630682852
0.0000141947166426552
0.000014204146597247957
0.000013868019629331733
0.000013726660037827113
0.000013957362346667558
0.000014095959761049121
0.000014244626409471416
0.000014190917019873868
0.000014179020256876003
0.000014324728131317483
0.000014249149336947424
0.00001415062577338963
0.000014149146916094026
0.000014161805941390873
0.000013729300453738939
0.000013724762982260472
0.00001379811691249131
0.000013369128731487469
0.000013508551944705926
0.000013534690656507487
0.000013474745473147357
0.000013401720495406935
0.000013401474637465896
0.000013494379621318662
0.000013454750673676618
0.000013401151884224474
0.000013584196702307655
0.000013575431038480809
0.000013556522287638897
0.000013576904851868975
0.000013631600073333743
0.000013514935216385597
0.000013385579277145369
0.000013332602634652916
0.0000135463591977578
0.000013501261223093436
0.000013500631277618945
0.000013526366468688817
0.000013408929034738992
0.000013690728433783783
0.00001364040641453252
0.000013653360653105965
0.000013654646917372888
0.000013675444887805695
0.000013666724917024396
0.000013751231223389784
0.000013708733885896711
0.000013692475135370137
0.000013580585477249365
0.000013408063079954757
0.000013347902419330528
0.000013352326762263317
0.000013408145472004495
0.000013357467931651471
0.000013383482153170603
0.000013383482153170603
0.000013183840252961294
0.000013622077650168821
0.000013598144290066865
0.000013582804099527261
0.00001363760611470053
0.00001358928947324684
0.000013616784798133003
0.000013381133576948674
0.00001333031563359173
0.000013665205662377039
0.00001360191565954558
0.000013472221982978929
0.000013470431201866324
0.000013066096047911388
0.00001299393888707047
0.000013017764599113496
0.000013277321107194613
0.000013239131342551223
0.000013239131342551223
0.000013346427676219311
0.000013351055257991826
0.000013413502224693069
0.000013441184490226856
0.000013409385859395918
0.000013711190395958944
0.000013681437866312082
0.000013535351647188998
0.000013529398641364226
0.000013488922445613548
0.000013488922445613548
0.000013479419733171957
0.000013695371610563824
0.000013451506698577023
0.000013462603670492369
0.000013573078751653346
0.000013650014867502115
0.000013648850608183555
0.000013601388001319949
0.00001365679746606432
0.00001365536898239244
0.000013588990124965902
0.000013573856280280948
0.000013585409137150582
0.00001329335474129962
0.000013333531742206442
0.000013331016028285629
0.000013353371195763989
0.000013275423797545154
0.000013275423797545154
0.000012951850719239113
0.000012960590866909524
0.000012838797458173533
0.000012806902156002608
0.000012803367665716034
0.000012906500078740944
0.00001278409833012161
0.000012699617189417468
0.000012493520864950704
0.000012508581683116143
0.000012564602280981815
0.000012238620341192726
0.00001225384637938011
0.00001227029522267067
0.000012210356314984101
0.000012242614909160426
0.000012245275673950717
0.000012245275673950717
0.000012242049913573351
0.000012242049913573351
0.00001222612806346517
0.000012262126538965103
0.000012235691886002381
0.000012220303323324955
0.000012220303323324955
0.000012485818240421972
0.000012428515441794871
0.000012544212359985644
0.000012388715176902562
0.000012360609889516647
0.000012367511087990858
0.00001234840571062539
0.000012336227445721177
0.000012329474024950938
0.000012374634786635278
0.00001215156829047468
0.000012088826437006215
0.00001203433890676562
0.000012022745170277598
0.00001209647621350055
0.000011932363064683922
0.000011928269747923275
0.00001186866345011047
0.000011789095824088002
0.000011642399594743895
0.000011613851249491803
0.000011602913220010534
0.000011782038213953962
0.000011782038213953962
0.000011758101777912487
0.000011807731217531597
0.000011749326834230595
0.000011669212788273106
0.000011694400332461993
0.00001176104222551354
0.000011743689882460289
0.000011665199099995818
0.000011683638663985939
0.0000117157129946628
0.00001159456859533464
0.000011655184271094256
0.000011666268475213001
0.000011553240931276585
0.000011459654894295482
0.00001146526121217787
0.000011542875124939046
0.000011481884496039688
0.000011491047433549946
0.000011494252753471973
0.00001145981000842243
0.000011427952608920183
0.000011354753903245836
0.0000114222067119125
0.000011377737920708389
0.00001125535997475223
0.00001137916079167406
0.000011271643401715719
0.000011253513322493985
0.000011250651265272494
0.000011247788512065184
0.000011238187183116282
0.000011246863837259332
0.000011313937585594896
0.000011223626827700647
0.000011199133997263959
0.000011129082560934885
0.00001116872515692818
0.00001125070750434093
0.000011120109813240453
0.000011120109813240453
0.00001122452295544118
0.000011207420186584475
0.00001131047220630255
0.000011361741782665593
0.000011398240729817704
0.000011596923518634323
0.000011631433036044906
0.000011641117721459638
0.000011624070146404489
0.000011301438745968563
0.000011181823478394025
0.00001119862392276483
0.000011000733234620174
0.000010967210333957403
0.00001095794954788783
0.000010995881736889615
0.000010781841091919251
0.000010784119731095307
0.000010783007996256074
0.000010846878683770622
0.000010776325117091274
0.000010770798501430645
0.000010770798501430645
0.000010756446062148735
0.000010769173599683644
0.000010776699291615028
0.000010665002593983947
0.000010975150711175596
0.000010785206131258002
0.000010783475249258274
0.000010883628880253093
0.000010849885630462255
0.00001091459529798883
0.000010913857763652313
0.000010931024536463001
0.000010931024536463001
0.000010923964327195433
0.00001092250887444279
0.00001092250887444279
0.000010933722335236752
0.00001096518777352428
0.000010849064614926137
0.000010832070258440158
0.000010966899499410364
0.000011004299025216858
0.00001090094671448716
0.000010903119516984023
0.000011012386170368427
0.00001081434715285519
0.000010805970559450099
0.000010817972919554879
0.000010841228514178757
0.000011428159340019067
0.000011347409188228207
0.000011290018684555471
0.00001119054335500778
0.000011216524710515557
0.000011219773178718692
0.000011262118832830232
0.000011219797817764009
0.000011277471501541392
0.00001124758733231108
0.000011240133475846738
0.000011235713672647875
0.000011257784447483674
0.000011179983252720928
0.000011179983252720928
0.000011240710288347254
0.000011319576058723385
0.0000115715819142179
0.000011666329647508361
0.000011730065743767943
0.000011737800893804494
0.000011737524308388609
0.000011840332310968272
0.000011540262945832296
0.000011541548009134438
0.000011401627604317567
0.000011426322602066815
0.000011321606770863511
0.000011308158193357579
